; input file for the gadget model
; created automatically from Rgadget
; haddock/hadModel/params.in - Wed Jan  4 03:47:29 2017
switch	value	lower	upper	optimise
had.linf	100	75	150	1
had.k	0.2	0.01	0.3	1
had.bbin	6	1e-08	100	1
had.mort	0.2	0.15	0.4	1
had.mult	5	1e-05	10	1
had.init.abund	10	1e-05	100	1
had.age1	20	1e-05	100	1
had.age2	20	1e-05	100	1
had.age3	20	1e-05	100	1
had.age4	20	1e-05	100	1
had.age5	20	1e-05	100	1
had.age6	20	1e-05	100	1
had.age7	20	1e-05	100	1
had.age8	20	1e-05	100	1
had.age9	20	1e-05	100	1
had.age10	20	1e-05	100	1
had.age11	20	1e-05	100	1
had.age12	20	1e-05	100	1
had.age13	20	1e-05	100	1
had.age14	20	1e-05	100	1
had.age15	20	1e-05	100	1
had.age16	20	1e-05	100	1
had.age17	20	1e-05	100	1
had.age18	20	1e-05	100	1
had.age19	20	1e-05	100	1
had.recl	20	1	40	1
had.rec.mult	100	1e-05	500	1
had.rec1948	1	0.001	1000	1
had.rec.sd	2	0.1	10	1
had.rec1949	1	0.001	1000	1
had.rec1950	1	0.001	1000	1
had.rec1951	1	0.001	1000	1
had.rec1952	1	0.001	1000	1
had.rec1953	1	0.001	1000	1
had.rec1954	1	0.001	1000	1
had.rec1955	1	0.001	1000	1
had.rec1956	1	0.001	1000	1
had.rec1957	1	0.001	1000	1
had.rec1958	1	0.001	1000	1
had.rec1959	1	0.001	1000	1
had.rec1960	1	0.001	1000	1
had.rec1961	1	0.001	1000	1
had.rec1962	1	0.001	1000	1
had.rec1963	1	0.001	1000	1
had.rec1964	1	0.001	1000	1
had.rec1965	1	0.001	1000	1
had.rec1966	1	0.001	1000	1
had.rec1967	1	0.001	1000	1
had.rec1968	1	0.001	1000	1
had.rec1969	1	0.001	1000	1
had.rec1970	1	0.001	1000	1
had.rec1971	1	0.001	1000	1
had.rec1972	1	0.001	1000	1
had.rec1973	1	0.001	1000	1
had.rec1974	1	0.001	1000	1
had.rec1975	1	0.001	1000	1
had.rec1976	1	0.001	1000	1
had.rec1977	1	0.001	1000	1
had.rec1978	1	0.001	1000	1
had.rec1979	1	0.001	1000	1
had.rec1980	1	0.001	1000	1
had.rec1981	1	0.001	1000	1
had.rec1982	1	0.001	1000	1
had.rec1983	1	0.001	1000	1
had.rec1984	1	0.001	1000	1
had.rec1985	1	0.001	1000	1
had.rec1986	1	0.001	1000	1
had.rec1987	1	0.001	1000	1
had.rec1988	1	0.001	1000	1
had.rec1989	1	0.001	1000	1
had.rec1990	1	0.001	1000	1
had.rec1991	1	0.001	1000	1
had.rec1992	1	0.001	1000	1
had.rec1993	1	0.001	1000	1
had.rec1994	1	0.001	1000	1
had.rec1995	1	0.001	1000	1
had.rec1996	1	0.001	1000	1
had.rec1997	1	0.001	1000	1
had.rec1998	1	0.001	1000	1
had.rec1999	1	0.001	1000	1
had.rec2000	1	0.001	1000	1
had.rec2001	1	0.001	1000	1
had.rec2002	1	0.001	1000	1
had.rec2003	1	0.001	1000	1
had.rec2004	1	0.001	1000	1
had.rec2005	1	0.001	1000	1
had.rec2006	1	0.001	1000	1
had.rec2007	1	0.001	1000	1
had.rec2008	1	0.001	1000	1
had.rec2009	1	0.001	1000	1
had.rec2010	1	0.001	1000	1
had.rec2011	1	0.001	1000	1
had.rec2012	1	0.001	1000	1
had.rec2013	1	0.001	1000	1
lln.comm.alpha	0.05	0.01	3	1
lln.comm.l50	65	5	200	1
igfs.alpha	0.05	0.001	3	1
igfs.l50	40	5	50	1
aut.alpha	0.05	0.001	3	1
aut.l50	40	5	50	1
