; area file created in Rgadget
; haddock/hadModel - 2016-11-28
areas	1
size	1720724
temperature
; year - step - area - temperature
1948	1	1	3
1948	2	1	3
1948	3	1	3
1948	4	1	3
1949	1	1	3
1949	2	1	3
1949	3	1	3
1949	4	1	3
1950	1	1	3
1950	2	1	3
1950	3	1	3
1950	4	1	3
1951	1	1	3
1951	2	1	3
1951	3	1	3
1951	4	1	3
1952	1	1	3
1952	2	1	3
1952	3	1	3
1952	4	1	3
1953	1	1	3
1953	2	1	3
1953	3	1	3
1953	4	1	3
1954	1	1	3
1954	2	1	3
1954	3	1	3
1954	4	1	3
1955	1	1	3
1955	2	1	3
1955	3	1	3
1955	4	1	3
1956	1	1	3
1956	2	1	3
1956	3	1	3
1956	4	1	3
1957	1	1	3
1957	2	1	3
1957	3	1	3
1957	4	1	3
1958	1	1	3
1958	2	1	3
1958	3	1	3
1958	4	1	3
1959	1	1	3
1959	2	1	3
1959	3	1	3
1959	4	1	3
1960	1	1	3
1960	2	1	3
1960	3	1	3
1960	4	1	3
1961	1	1	3
1961	2	1	3
1961	3	1	3
1961	4	1	3
1962	1	1	3
1962	2	1	3
1962	3	1	3
1962	4	1	3
1963	1	1	3
1963	2	1	3
1963	3	1	3
1963	4	1	3
1964	1	1	3
1964	2	1	3
1964	3	1	3
1964	4	1	3
1965	1	1	3
1965	2	1	3
1965	3	1	3
1965	4	1	3
1966	1	1	3
1966	2	1	3
1966	3	1	3
1966	4	1	3
1967	1	1	3
1967	2	1	3
1967	3	1	3
1967	4	1	3
1968	1	1	3
1968	2	1	3
1968	3	1	3
1968	4	1	3
1969	1	1	3
1969	2	1	3
1969	3	1	3
1969	4	1	3
1970	1	1	3
1970	2	1	3
1970	3	1	3
1970	4	1	3
1971	1	1	3
1971	2	1	3
1971	3	1	3
1971	4	1	3
1972	1	1	3
1972	2	1	3
1972	3	1	3
1972	4	1	3
1973	1	1	3
1973	2	1	3
1973	3	1	3
1973	4	1	3
1974	1	1	3
1974	2	1	3
1974	3	1	3
1974	4	1	3
1975	1	1	3
1975	2	1	3
1975	3	1	3
1975	4	1	3
1976	1	1	3
1976	2	1	3
1976	3	1	3
1976	4	1	3
1977	1	1	3
1977	2	1	3
1977	3	1	3
1977	4	1	3
1978	1	1	3
1978	2	1	3
1978	3	1	3
1978	4	1	3
1979	1	1	3
1979	2	1	3
1979	3	1	3
1979	4	1	3
1980	1	1	3
1980	2	1	3
1980	3	1	3
1980	4	1	3
1981	1	1	3
1981	2	1	3
1981	3	1	3
1981	4	1	3
1982	1	1	3
1982	2	1	3
1982	3	1	3
1982	4	1	3
1983	1	1	3
1983	2	1	3
1983	3	1	3
1983	4	1	3
1984	1	1	3
1984	2	1	3
1984	3	1	3
1984	4	1	3
1985	1	1	3
1985	2	1	3
1985	3	1	3
1985	4	1	3
1986	1	1	3
1986	2	1	3
1986	3	1	3
1986	4	1	3
1987	1	1	3
1987	2	1	3
1987	3	1	3
1987	4	1	3
1988	1	1	3
1988	2	1	3
1988	3	1	3
1988	4	1	3
1989	1	1	3
1989	2	1	3
1989	3	1	3
1989	4	1	3
1990	1	1	3
1990	2	1	3
1990	3	1	3
1990	4	1	3
1991	1	1	3
1991	2	1	3
1991	3	1	3
1991	4	1	3
1992	1	1	3
1992	2	1	3
1992	3	1	3
1992	4	1	3
1993	1	1	3
1993	2	1	3
1993	3	1	3
1993	4	1	3
1994	1	1	3
1994	2	1	3
1994	3	1	3
1994	4	1	3
1995	1	1	3
1995	2	1	3
1995	3	1	3
1995	4	1	3
1996	1	1	3
1996	2	1	3
1996	3	1	3
1996	4	1	3
1997	1	1	3
1997	2	1	3
1997	3	1	3
1997	4	1	3
1998	1	1	3
1998	2	1	3
1998	3	1	3
1998	4	1	3
1999	1	1	3
1999	2	1	3
1999	3	1	3
1999	4	1	3
2000	1	1	3
2000	2	1	3
2000	3	1	3
2000	4	1	3
2001	1	1	3
2001	2	1	3
2001	3	1	3
2001	4	1	3
2002	1	1	3
2002	2	1	3
2002	3	1	3
2002	4	1	3
2003	1	1	3
2003	2	1	3
2003	3	1	3
2003	4	1	3
2004	1	1	3
2004	2	1	3
2004	3	1	3
2004	4	1	3
2005	1	1	3
2005	2	1	3
2005	3	1	3
2005	4	1	3
2006	1	1	3
2006	2	1	3
2006	3	1	3
2006	4	1	3
2007	1	1	3
2007	2	1	3
2007	3	1	3
2007	4	1	3
2008	1	1	3
2008	2	1	3
2008	3	1	3
2008	4	1	3
2009	1	1	3
2009	2	1	3
2009	3	1	3
2009	4	1	3
2010	1	1	3
2010	2	1	3
2010	3	1	3
2010	4	1	3
2011	1	1	3
2011	2	1	3
2011	3	1	3
2011	4	1	3
2012	1	1	3
2012	2	1	3
2012	3	1	3
2012	4	1	3
2013	1	1	3
2013	2	1	3
2013	3	1	3
2013	4	1	3
