; input file for the gadget model
; created automatically from Rgadget
; cod/codModel/params.in - Wed Dec  7 16:11:54 2016
switch	value	lower	upper	optimise
cod.linf	170	150	250	1
cod.k	0.2	0.01	0.3	1
cod.bbin	6	1e-08	100	1
cod.mort	0.2	0.15	0.4	1
cod.mult	5	1e-05	10	1
cod.init.abund	10	1e-05	100	1
cod.age1	20	1e-05	100	1
cod.age2	20	1e-05	100	1
cod.age3	20	1e-05	100	1
cod.age4	20	1e-05	100	1
cod.age5	20	1e-05	100	1
cod.age6	20	1e-05	100	1
cod.age7	20	1e-05	100	1
cod.age8	20	1e-05	100	1
cod.age9	20	1e-05	100	1
cod.age10	20	1e-05	100	1
cod.age11	20	1e-05	100	1
cod.age12	20	1e-05	100	1
cod.age13	20	1e-05	100	1
cod.age14	20	1e-05	100	1
cod.age15	20	1e-05	100	1
cod.age16	20	1e-05	100	1
cod.age17	20	1e-05	100	1
cod.age18	20	1e-05	100	1
cod.age19	20	1e-05	100	1
cod.recl	20	5	40	1
cod.rec.mult	100	1e-05	500	1
cod.rec1948	1	0.001	1000	1
cod.rec.sd	2	0.1	10	1
cod.rec1949	1	0.001	1000	1
cod.rec1950	1	0.001	1000	1
cod.rec1951	1	0.001	1000	1
cod.rec1952	1	0.001	1000	1
cod.rec1953	1	0.001	1000	1
cod.rec1954	1	0.001	1000	1
cod.rec1955	1	0.001	1000	1
cod.rec1956	1	0.001	1000	1
cod.rec1957	1	0.001	1000	1
cod.rec1958	1	0.001	1000	1
cod.rec1959	1	0.001	1000	1
cod.rec1960	1	0.001	1000	1
cod.rec1961	1	0.001	1000	1
cod.rec1962	1	0.001	1000	1
cod.rec1963	1	0.001	1000	1
cod.rec1964	1	0.001	1000	1
cod.rec1965	1	0.001	1000	1
cod.rec1966	1	0.001	1000	1
cod.rec1967	1	0.001	1000	1
cod.rec1968	1	0.001	1000	1
cod.rec1969	1	0.001	1000	1
cod.rec1970	1	0.001	1000	1
cod.rec1971	1	0.001	1000	1
cod.rec1972	1	0.001	1000	1
cod.rec1973	1	0.001	1000	1
cod.rec1974	1	0.001	1000	1
cod.rec1975	1	0.001	1000	1
cod.rec1976	1	0.001	1000	1
cod.rec1977	1	0.001	1000	1
cod.rec1978	1	0.001	1000	1
cod.rec1979	1	0.001	1000	1
cod.rec1980	1	0.001	1000	1
cod.rec1981	1	0.001	1000	1
cod.rec1982	1	0.001	1000	1
cod.rec1983	1	0.001	1000	1
cod.rec1984	1	0.001	1000	1
cod.rec1985	1	0.001	1000	1
cod.rec1986	1	0.001	1000	1
cod.rec1987	1	0.001	1000	1
cod.rec1988	1	0.001	1000	1
cod.rec1989	1	0.001	1000	1
cod.rec1990	1	0.001	1000	1
cod.rec1991	1	0.001	1000	1
cod.rec1992	1	0.001	1000	1
cod.rec1993	1	0.001	1000	1
cod.rec1994	1	0.001	1000	1
cod.rec1995	1	0.001	1000	1
cod.rec1996	1	0.001	1000	1
cod.rec1997	1	0.001	1000	1
cod.rec1998	1	0.001	1000	1
cod.rec1999	1	0.001	1000	1
cod.rec2000	1	0.001	1000	1
cod.rec2001	1	0.001	1000	1
cod.rec2002	1	0.001	1000	1
cod.rec2003	1	0.001	1000	1
cod.rec2004	1	0.001	1000	1
cod.rec2005	1	0.001	1000	1
cod.rec2006	1	0.001	1000	1
cod.rec2007	1	0.001	1000	1
cod.rec2008	1	0.001	1000	1
cod.rec2009	1	0.001	1000	1
cod.rec2010	1	0.001	1000	1
cod.rec2011	1	0.001	1000	1
cod.rec2012	1	0.001	1000	1
cod.rec2013	1	0.001	1000	1
bmt.comm.alpha	0.5	0.01	3	1
bmt.comm.l50	65	5	200	1
igfs.alpha	0.05	0.001	3	1
igfs.l50	50	5	55	1
aut.alpha	0.05	0.001	3	1
aut.l50	50	5	55	1
